{"columns":["APL","Ada","Apex","Assembly","Bash\/Shell (all shells)","C","C#","C++","Clojure","Cobol","Crystal","Dart","Delphi","Elixir","Erlang","F#","Flow","Fortran","GDScript","Go","Groovy","HTML\/CSS","Haskell","Java","JavaScript","Julia","Kotlin","Lisp","Lua","MATLAB","Nim","OCaml","Objective-C","PHP","Perl","PowerShell","Prolog","Python","R","Raku","Ruby","Rust","SAS","SQL","Scala","Solidity","Swift","TypeScript","VBA","Visual Basic (.Net)","Zig"],"index":["APL","Ada","Apex","Assembly","Bash\/Shell (all shells)","C","C#","C++","Clojure","Cobol","Crystal","Dart","Delphi","Elixir","Erlang","F#","Flow","Fortran","GDScript","Go","Groovy","HTML\/CSS","Haskell","Java","JavaScript","Julia","Kotlin","Lisp","Lua","MATLAB","Nim","OCaml","Objective-C","PHP","Perl","PowerShell","Prolog","Python","R","Raku","Ruby","Rust","SAS","SQL","Scala","Solidity","Swift","TypeScript","VBA","Visual Basic (.Net)","Zig"],"data":[[225,78,55,120,145,150,111,140,66,72,56,57,66,67,57,54,47,69,49,82,48,136,82,124,158,68,68,83,78,52,48,54,55,84,62,72,51,133,60,43,68,95,40,123,58,44,62,99,62,62,56],[78,677,75,191,254,329,188,295,60,86,59,77,119,58,61,51,54,94,52,117,68,256,75,275,286,71,97,95,76,102,46,71,72,143,91,129,69,338,83,48,91,117,54,270,67,53,75,166,94,106,56],[55,75,579,90,217,133,201,129,49,62,55,66,75,49,49,48,60,58,49,90,79,380,50,251,442,50,76,48,57,63,39,40,57,167,71,144,43,255,60,39,79,70,48,394,53,48,67,212,77,85,51],[120,191,90,4753,3130,3828,1752,3322,131,203,90,449,435,164,144,142,57,311,235,947,237,2865,487,2444,3169,174,669,399,862,740,99,191,339,1308,399,1102,269,3471,469,59,422,1453,83,2570,235,166,390,1696,459,516,222],[145,254,217,3130,28351,8139,6876,8169,531,246,193,1726,595,842,486,326,112,433,682,5909,1831,17004,1024,10312,19381,488,3074,855,3063,1486,200,336,836,5955,1423,6157,436,18545,1662,99,2562,5424,170,16344,1172,510,1475,12151,1143,1132,412],[150,329,133,3828,8139,16940,5425,11340,281,307,167,1497,800,437,352,269,71,540,524,3153,664,9366,1007,7639,10573,458,1975,789,2289,1926,183,385,915,3957,1027,2910,497,11867,1236,89,1181,4253,143,8306,538,342,1110,5614,936,1162,479],[111,188,201,1752,6876,5425,24193,7009,223,269,192,1780,1031,341,189,690,94,272,678,2669,703,14834,530,7553,16957,231,2291,352,1776,1086,129,172,772,4670,569,7036,308,10614,948,62,1105,2903,150,15048,486,324,1163,11186,1609,2682,244],[140,295,129,3322,8169,11340,7009,19634,260,286,156,1633,912,379,293,280,76,533,640,3173,742,10302,903,8160,11880,490,2232,681,2245,2005,169,300,966,4190,904,3467,469,13363,1295,79,1162,4269,144,9013,538,368,1209,6459,1021,1352,395],[66,60,49,131,531,281,223,260,1105,61,65,131,64,134,92,80,46,66,72,289,99,512,146,494,703,92,181,215,159,74,54,73,77,184,90,136,68,557,99,48,177,271,40,511,139,48,85,438,63,62,87],[72,86,62,203,246,307,269,286,61,576,69,79,173,61,64,58,53,164,51,123,78,368,76,336,382,59,105,97,97,96,43,50,83,248,107,200,66,303,89,41,105,95,59,428,65,45,88,202,166,173,51],[56,59,55,90,193,167,192,156,65,69,389,90,81,102,63,60,52,59,68,138,60,257,77,149,290,72,95,74,93,64,60,51,64,136,64,120,54,197,63,46,171,136,50,256,56,47,70,182,86,115,71],[57,77,66,449,1726,1497,1780,1633,131,79,90,5273,148,197,114,109,54,89,230,1205,254,3305,216,2460,3894,131,1428,126,503,326,92,92,309,1455,146,781,130,2971,274,42,414,1014,63,2852,170,188,744,2734,194,293,129],[66,119,75,435,595,800,1031,912,64,173,81,148,2831,72,73,84,54,189,69,225,122,1126,77,706,1288,67,168,128,175,175,47,55,171,832,201,490,109,838,137,43,170,146,58,1739,78,62,147,506,400,349,54],[67,58,49,164,842,437,341,379,134,61,102,197,72,2028,561,100,51,61,92,557,91,1087,195,482,1381,98,254,141,254,85,64,92,96,331,97,185,75,914,109,42,559,594,39,1055,136,83,171,962,61,75,113],[57,61,49,144,486,352,189,293,92,64,63,114,73,561,868,76,51,75,67,270,89,451,158,312,583,75,152,125,169,81,46,90,89,196,113,151,83,476,96,44,221,300,41,471,97,57,88,358,68,74,73],[54,51,48,142,326,269,690,280,80,58,60,109,84,100,76,849,46,58,65,201,66,468,150,268,557,72,151,88,143,87,54,73,76,170,84,354,65,416,98,42,106,265,41,529,95,52,99,492,110,144,65],[47,54,60,57,112,71,94,76,46,53,52,54,54,51,51,46,214,48,51,72,51,159,53,99,186,47,74,46,51,52,39,43,50,93,49,72,41,121,47,40,72,73,44,139,44,39,59,146,47,53,42],[69,94,58,311,433,540,272,533,66,164,59,89,189,61,75,58,48,833,56,165,89,429,94,360,444,117,122,156,145,246,48,65,122,266,179,210,87,599,159,46,117,153,62,453,71,48,94,184,190,184,55],[49,52,49,235,682,524,678,640,72,51,68,230,69,92,67,65,51,56,1495,373,98,1048,139,568,1131,86,277,95,382,91,79,61,82,354,84,279,65,1086,109,49,170,586,49,693,84,60,125,784,81,94,113],[82,117,90,947,5909,3153,2669,3173,289,123,138,1205,225,557,270,201,72,165,373,11592,759,6185,510,4402,8042,253,1691,367,1560,432,151,162,383,2432,513,1710,198,7401,530,67,1361,3339,85,6375,564,343,769,6000,297,377,349],[48,68,79,237,1831,664,703,742,99,78,60,254,122,91,89,66,51,89,98,759,2976,1657,118,2248,2074,71,871,110,307,150,60,58,184,548,233,771,73,1798,168,43,319,449,55,1833,299,89,223,1362,161,173,60],[136,256,380,2865,17004,9366,14834,10302,512,368,257,3305,1126,1087,451,468,159,429,1048,6185,1657,46396,1075,15386,41117,456,4242,779,3473,1927,209,313,1159,12870,1288,8409,544,23174,1989,87,3430,5963,299,27992,986,843,2199,24428,2016,2575,396],[82,75,50,487,1024,1007,530,903,146,76,77,216,77,195,158,150,53,94,139,510,118,1075,1829,899,1242,157,334,278,406,199,80,155,105,386,144,343,207,1351,241,59,225,871,53,920,227,85,156,905,96,98,153],[124,275,251,2444,10312,7639,7553,8160,494,336,149,2460,706,482,312,268,99,360,568,4402,2248,15386,899,26757,18830,330,5553,589,2115,1626,145,282,1038,5845,968,4252,535,14967,1444,71,1673,3949,168,15538,1491,466,1677,11385,1208,1560,261],[158,286,442,3169,19381,10573,16957,11880,703,382,290,3894,1288,1381,583,557,186,444,1131,8042,2074,41117,1242,18830,55711,503,5243,856,3954,2063,226,371,1431,14299,1483,9162,588,27339,2127,100,4227,7323,312,31870,1302,1030,2679,29947,2123,2741,468],[68,71,50,174,488,458,231,490,92,59,72,131,67,98,75,72,47,117,86,253,71,456,157,330,503,1010,161,134,203,245,63,75,66,169,94,194,75,825,281,53,123,381,57,425,102,63,88,310,88,69,80],[68,97,76,669,3074,1975,2291,2232,181,105,95,1428,168,254,152,151,74,122,277,1691,871,4242,334,5553,5243,161,7935,198,773,434,101,114,619,1693,253,1200,175,4283,370,50,684,1631,68,4173,522,188,1316,3926,285,379,149],[83,95,48,399,855,789,352,681,215,97,74,126,128,141,125,88,46,156,95,367,110,779,278,589,856,134,198,1342,342,172,70,121,138,321,225,264,185,946,188,61,252,472,53,724,122,54,129,473,145,140,119],[78,76,57,862,3063,2289,1776,2245,159,97,93,503,175,254,169,143,51,145,382,1560,307,3473,406,2115,3954,203,773,342,5336,368,118,144,231,1281,332,1138,140,3768,343,61,587,2011,60,2828,230,153,343,2722,262,314,255],[52,102,63,740,1486,1926,1086,2005,74,96,64,326,175,85,81,87,52,246,91,432,150,1927,199,1626,2063,245,434,172,368,3339,57,90,199,908,220,802,184,2778,678,44,236,521,84,1825,147,132,251,983,345,363,67],[48,46,39,99,200,183,129,169,54,43,60,92,47,64,46,54,39,48,79,151,60,209,80,145,226,63,101,70,118,57,331,58,53,94,61,101,49,262,65,41,87,178,38,161,51,44,67,172,45,51,109],[54,71,40,191,336,385,172,300,73,50,51,92,55,92,90,73,43,65,61,162,58,313,155,282,371,75,114,121,144,90,58,614,64,148,73,99,89,422,89,44,101,283,40,287,92,53,82,284,56,55,79],[55,72,57,339,836,915,772,966,77,83,64,309,171,96,89,76,50,122,82,383,184,1159,105,1038,1431,66,619,138,231,199,53,64,2019,648,191,415,97,1066,135,41,350,317,62,1041,108,89,1251,911,178,273,67],[84,143,167,1308,5955,3957,4670,4190,184,248,136,1455,832,331,196,170,93,266,354,2432,548,12870,386,5845,14299,169,1693,321,1281,908,94,148,648,16274,934,2941,279,7893,795,60,1242,1696,174,11779,368,333,963,7122,1096,1348,136],[62,91,71,399,1423,1027,569,904,90,107,64,146,201,97,113,84,49,179,84,513,233,1288,144,968,1483,94,253,225,332,220,61,73,191,934,2151,550,129,1464,270,110,386,366,68,1479,142,78,176,645,282,263,71],[72,129,144,1102,6157,2910,7036,3467,136,200,120,781,490,185,151,354,72,210,279,1710,771,8409,343,4252,9162,194,1200,264,1138,802,101,99,415,2941,550,11902,235,6836,795,61,732,1618,143,8601,336,220,555,5985,1165,1347,159],[51,69,43,269,436,497,308,469,68,66,54,130,109,75,83,65,41,87,65,198,73,544,207,535,588,75,175,185,140,184,49,89,97,279,129,235,776,606,182,47,120,235,53,517,108,67,112,353,117,122,62],[133,338,255,3471,18545,11867,10614,13363,557,303,197,2971,838,914,476,416,121,599,1086,7401,1798,23174,1351,14967,27339,825,4283,946,3768,2778,262,422,1066,7893,1464,6836,606,43158,3102,102,2749,7549,274,22557,1504,758,1999,15996,1772,1712,483],[60,83,60,469,1662,1236,948,1295,99,89,63,274,137,109,96,98,47,159,109,530,168,1989,241,1444,2127,281,370,188,343,678,65,89,135,795,270,795,182,3102,3702,53,319,606,164,2437,247,124,215,1063,385,290,73],[43,48,39,59,99,89,62,79,48,41,46,42,43,42,44,42,40,46,49,67,43,87,59,71,100,53,50,61,61,44,41,44,41,60,110,61,47,102,53,156,68,71,41,91,51,40,45,68,39,40,49],[68,91,79,422,2562,1181,1105,1162,177,105,171,414,170,559,221,106,72,117,170,1361,319,3430,225,1673,4227,123,684,252,587,236,87,101,350,1242,386,732,120,2749,319,68,5454,971,77,3252,285,140,561,2529,232,273,117],[95,117,70,1453,5424,4253,2903,4269,271,95,136,1014,146,594,300,265,73,153,586,3339,449,5963,871,3949,7323,381,1631,472,2011,521,178,283,317,1696,366,1618,235,7549,606,71,971,11427,70,5215,550,325,704,5947,266,284,489],[40,54,48,83,170,143,150,144,40,59,50,63,58,39,41,41,44,62,49,85,55,299,53,168,312,57,68,53,60,84,38,40,62,174,68,143,53,274,164,41,77,70,427,332,63,49,65,171,98,95,43],[123,270,394,2570,16344,8306,15048,9013,511,428,256,2852,1739,1055,471,529,139,453,693,6375,1833,27992,920,15538,31870,425,4173,724,2828,1825,161,287,1041,11779,1479,8601,517,22557,2437,91,3252,5215,332,42623,1359,689,1826,18919,2385,2793,297],[58,67,53,235,1172,538,486,538,139,65,56,170,78,136,97,95,44,71,84,564,299,986,227,1491,1302,102,522,122,230,147,51,92,108,368,142,336,108,1504,247,51,285,550,63,1359,2422,87,159,1021,116,124,71],[44,53,48,166,510,342,324,368,48,45,47,188,62,83,57,52,39,48,60,343,89,843,85,466,1030,63,188,54,153,132,44,53,89,333,78,220,67,758,124,40,140,325,49,689,87,1168,147,823,86,92,53],[62,75,67,390,1475,1110,1163,1209,85,88,70,744,147,171,88,99,59,94,125,769,223,2199,156,1677,2679,88,1316,129,343,251,67,82,1251,963,176,555,112,1999,215,45,561,704,65,1826,159,147,4072,1809,196,254,103],[99,166,212,1696,12151,5614,11186,6459,438,202,182,2734,506,962,358,492,146,184,784,6000,1362,24428,905,11385,29947,310,3926,473,2722,983,172,284,911,7122,645,5985,353,15996,1063,68,2529,5947,171,18919,1021,823,1809,34041,1001,1396,387],[62,94,77,459,1143,936,1609,1021,63,166,86,194,400,61,68,110,47,190,81,297,161,2016,96,1208,2123,88,285,145,262,345,45,56,178,1096,282,1165,117,1772,385,39,232,266,98,2385,116,86,196,1001,3107,1130,58],[62,106,85,516,1132,1162,2682,1352,62,173,115,293,349,75,74,144,53,184,94,377,173,2575,98,1560,2741,69,379,140,314,363,51,55,273,1348,263,1347,122,1712,290,40,273,284,95,2793,124,92,254,1396,1130,3568,60],[56,56,51,222,412,479,244,395,87,51,71,129,54,113,73,65,42,55,113,349,60,396,153,261,468,80,149,119,255,67,109,79,67,136,71,159,62,483,73,49,117,489,43,297,71,53,103,387,58,60,729]]}